filename,basic_ntokens,basic_ntypes,basic_ncontent_tokens,basic_ncontent_types,basic_nfunction_tokens,basic_nfunction_types,lexical_density_types,lexical_density_tokens,mattr50_aw
W_SIN_SMK0_002_B1_2_ORIG.txt,233,114,117,78,116,36,0.6842105263157895,0.5021459227467812,0.765543478260869
W_KOR_PTJ0_021_A2_0_ORIG.txt,198,97,91,57,107,40,0.5876288659793815,0.4595959595959596,0.7644295302013425
W_PHL_PTJ0_002_B1_2_ORIG.txt,267,132,113,71,154,61,0.5378787878787878,0.4232209737827715,0.7523853211009182
W_PHL_PTJ0_113_B1_1_ORIG.txt,218,92,81,52,137,40,0.5652173913043478,0.37155963302752293,0.713846153846154
W_CHN_SMK0_228_B2_0_ORIG.txt,330,164,144,96,186,68,0.5853658536585366,0.43636363636363634,0.8166548042704634
W_TWN_PTJ0_069_B2_0_ORIG.txt,300,138,148,84,152,54,0.6086956521739131,0.49333333333333335,0.7646215139442236
W_IDN_PTJ0_025_A2_0_ORIG.txt,208,106,116,73,92,33,0.6886792452830188,0.5576923076923077,0.7571069182389946
W_THA_SMK0_008_A2_0_ORIG.txt,209,102,90,60,119,42,0.5882352941176471,0.430622009569378,0.7538750000000004
W_THA_SMK0_026_A2_0_ORIG.txt,238,111,107,70,131,41,0.6306306306306306,0.4495798319327731,0.7234920634920631
W_THA_PTJ0_020_B1_1_ORIG.txt,222,96,124,60,98,36,0.625,0.5585585585585585,0.7166473988439314
W_TWN_SMK0_024_B1_2_ORIG.txt,199,101,104,64,95,37,0.6336633663366337,0.5226130653266332,0.786
W_THA_PTJ0_012_A2_0_ORIG.txt,199,104,104,65,95,39,0.625,0.5226130653266332,0.7391999999999994
W_HKG_PTJ0_045_B2_0_ORIG.txt,198,108,105,70,93,38,0.6481481481481481,0.5303030303030303,0.7920805369127514
W_KOR_SMK0_009_B1_1_ORIG.txt,206,91,98,49,108,42,0.5384615384615384,0.47572815533980584,0.7300636942675163
W_KOR_SMK0_267_A2_0_ORIG.txt,178,68,72,37,106,31,0.5441176470588235,0.4044943820224719,0.6756589147286822
W_TWN_SMK0_040_A2_0_ORIG.txt,210,115,109,68,101,47,0.591304347826087,0.5190476190476191,0.8156521739130431
W_HKG_PTJ0_012_B1_2_ORIG.txt,206,93,104,55,102,38,0.5913978494623656,0.5048543689320388,0.7224203821656052
W_JPN_PTJ0_014_B1_1_ORIG.txt,277,114,131,64,146,50,0.5614035087719298,0.4729241877256318,0.7464035087719302
W_SIN_SMK0_011_B1_2_ORIG.txt,199,108,98,67,101,41,0.6203703703703703,0.49246231155778897,0.7451999999999999
W_JPN_PTJ0_029_B1_1_ORIG.txt,213,81,103,48,110,33,0.5925925925925926,0.4835680751173709,0.6675609756097562
W_KOR_SMK0_006_A2_0_ORIG.txt,199,92,110,56,89,36,0.6086956521739131,0.5527638190954773,0.7273333333333334
W_CHN_PTJ0_004_B1_2_ORIG.txt,267,124,135,75,132,49,0.6048387096774194,0.5056179775280899,0.7793577981651377
W_IDN_PTJ0_013_B1_1_ORIG.txt,245,93,143,61,102,32,0.6559139784946236,0.5836734693877551,0.7143877551020409
W_IDN_PTJ0_004_B1_1_ORIG.txt,201,75,90,39,111,36,0.52,0.44776119402985076,0.771184210526315
W_JPN_SMK0_038_A2_0_ORIG.txt,197,88,93,47,104,41,0.5340909090909091,0.4720812182741117,0.6681081081081082
W_CHN_PTJ0_013_B1_2_ORIG.txt,231,123,122,78,109,45,0.6341463414634146,0.5281385281385281,0.8090109890109889
W_KOR_PTJ0_017_B1_1_ORIG.txt,216,95,109,56,107,39,0.5894736842105263,0.5046296296296297,0.7147305389221554
W_PHL_SMK0_123_B1_1_ORIG.txt,227,108,90,60,137,48,0.5555555555555556,0.3964757709251101,0.7650561797752805
W_KOR_SMK0_023_B1_1_ORIG.txt,206,122,107,79,99,43,0.6475409836065574,0.5194174757281553,0.7768152866242034
W_TWN_SMK0_019_B1_2_ORIG.txt,207,104,85,54,122,50,0.5192307692307693,0.4106280193236715,0.7427848101265826
W_PHL_PTJ0_006_B1_2_ORIG.txt,282,121,126,78,156,43,0.6446280991735537,0.44680851063829785,0.731244635193134
W_THA_PTJ0_033_B1_1_ORIG.txt,266,99,142,52,124,47,0.5252525252525253,0.5338345864661654,0.7097695852534566
W_KOR_PTJ0_299_B1_2_ORIG.txt,220,98,114,57,106,41,0.5816326530612245,0.5181818181818182,0.728654970760234
W_CHN_SMK0_009_B1_2_ORIG.txt,207,120,102,79,105,41,0.6583333333333333,0.4927536231884058,0.812151898734177
W_JPN_SMK0_024_B1_1_ORIG.txt,204,102,103,57,101,45,0.5588235294117647,0.5049019607843137,0.7287741935483874
W_TWN_SMK0_077_B2_0_ORIG.txt,233,119,106,73,127,46,0.6134453781512605,0.45493562231759654,0.7786956521739128
W_HKG_PTJ0_056_B2_0_ORIG.txt,263,137,127,84,136,53,0.6131386861313869,0.4828897338403042,0.7974766355140195
W_JPN_PTJ0_011_B2_0_ORIG.txt,212,96,92,52,120,44,0.5416666666666666,0.4339622641509434,0.7316564417177917
W_PAK_SMK0_002_B1_1_ORIG.txt,197,93,93,61,104,32,0.6559139784946236,0.4720812182741117,0.7051351351351358
W_TWN_SMK0_020_B1_2_ORIG.txt,217,112,95,65,122,47,0.5803571428571429,0.4377880184331797,0.7380952380952376
W_THA_PTJ0_016_A2_0_ORIG.txt,204,93,100,57,104,36,0.6129032258064516,0.49019607843137253,0.6561290322580644
W_HKG_PTJ0_001_B1_2_ORIG.txt,228,118,130,77,98,41,0.652542372881356,0.5701754385964912,0.7969832402234637
W_KOR_SMK0_178_A2_0_ORIG.txt,207,84,103,46,104,38,0.5476190476190477,0.4975845410628019,0.6482278481012658
W_TWN_PTJ0_014_B1_2_ORIG.txt,222,113,97,63,125,50,0.5575221238938053,0.4369369369369369,0.767745664739884
W_THA_PTJ0_024_B1_1_ORIG.txt,272,87,144,54,128,33,0.6206896551724138,0.5294117647058824,0.6653811659192823
W_KOR_PTJ0_035_B1_2_ORIG.txt,215,89,106,45,109,44,0.5056179775280899,0.4930232558139535,0.6903614457831333
W_KOR_SMK0_056_B2_0_ORIG.txt,238,106,117,62,121,44,0.5849056603773585,0.49159663865546216,0.7414814814814814
W_SIN_PTJ0_006_B2_0_ORIG.txt,295,134,138,82,157,52,0.6119402985074627,0.46779661016949153,0.7693495934959359
W_PHL_SMK0_141_B2_0_ORIG.txt,285,148,126,90,159,58,0.6081081081081081,0.4421052631578947,0.7748305084745764
W_CHN_PTJ0_160_B2_0_ORIG.txt,217,113,120,70,97,43,0.6194690265486725,0.5529953917050692,0.796190476190476
W_KOR_PTJ0_075_B2_0_ORIG.txt,202,104,92,55,110,49,0.5288461538461539,0.45544554455445546,0.8045751633986918
W_IDN_PTJ0_031_B1_2_ORIG.txt,259,124,132,84,127,40,0.6774193548387096,0.5096525096525096,0.7757142857142844
W_CHN_SMK0_012_B1_1_ORIG.txt,255,155,120,100,135,55,0.6451612903225806,0.47058823529411764,0.830388349514564
W_TWN_PTJ0_018_B1_1_ORIG.txt,226,105,110,65,116,40,0.6190476190476191,0.48672566371681414,0.7407909604519779
W_TWN_SMK0_002_B1_1_ORIG.txt,217,109,109,71,108,38,0.6513761467889908,0.5023041474654378,0.7579761904761915
W_THA_PTJ0_006_B1_2_ORIG.txt,214,98,122,69,92,29,0.7040816326530612,0.5700934579439252,0.7722424242424245
W_JPN_PTJ0_025_B1_2_ORIG.txt,205,101,108,64,97,37,0.6336633663366337,0.526829268292683,0.767692307692307
W_CHN_PTJ0_242_B2_0_ORIG.txt,274,126,131,77,143,49,0.6111111111111112,0.4781021897810219,0.7363555555555554
W_THA_PTJ0_011_B1_2_ORIG.txt,200,101,97,56,103,45,0.5544554455445545,0.485,0.7744370860927152
W_TWN_PTJ0_013_A2_0_ORIG.txt,211,108,107,72,104,36,0.6666666666666666,0.5071090047393365,0.7761728395061733
W_CHN_SMK0_024_A2_0_ORIG.txt,200,99,93,58,107,41,0.5858585858585859,0.465,0.7480794701986756
W_KOR_SMK0_012_B1_2_ORIG.txt,196,110,107,73,89,37,0.6636363636363637,0.5459183673469388,0.7580952380952378
W_SIN_SMK0_021_B2_0_ORIG.txt,215,119,107,73,108,46,0.6134453781512605,0.49767441860465117,0.8060240963855417
W_IDN_PTJ0_035_B1_2_ORIG.txt,228,88,123,52,105,36,0.5909090909090909,0.5394736842105263,0.6709497206703912
W_HKG_PTJ0_008_B2_0_ORIG.txt,227,119,113,74,114,45,0.6218487394957983,0.4977973568281938,0.8166292134831468
W_TWN_PTJ0_039_A2_0_ORIG.txt,225,116,120,66,105,50,0.5689655172413793,0.5333333333333333,0.7726136363636368
W_CHN_SMK0_001_B1_1_ORIG.txt,217,113,104,70,113,43,0.6194690265486725,0.4792626728110599,0.7417857142857148
W_HKG_PTJ0_030_B1_1_ORIG.txt,246,83,123,43,123,40,0.5180722891566265,0.5,0.670253807106599
W_JPN_SMK0_002_B1_2_ORIG.txt,179,67,94,42,85,25,0.6268656716417911,0.5251396648044693,0.6196923076923078
W_KOR_SMK0_236_B1_1_ORIG.txt,205,99,101,59,104,40,0.5959595959595959,0.4926829268292683,0.7262820512820515
W_THA_PTJ0_015_B1_2_ORIG.txt,229,115,123,70,106,45,0.6086956521739131,0.537117903930131,0.7397777777777779
W_PAK_PTJ0_007_B1_2_ORIG.txt,324,147,154,93,170,54,0.6326530612244898,0.47530864197530864,0.7375999999999993
W_TWN_PTJ0_025_B1_1_ORIG.txt,213,109,93,60,120,49,0.5504587155963303,0.43661971830985913,0.7809756097560981
W_TWN_SMK0_007_B2_0_ORIG.txt,210,108,88,66,122,42,0.6111111111111112,0.41904761904761906,0.7637267080745346
W_CHN_PTJ0_316_B2_0_ORIG.txt,331,170,171,110,160,60,0.6470588235294118,0.5166163141993958,0.8148936170212772
W_THA_PTJ0_002_B1_2_ORIG.txt,295,152,167,106,128,46,0.6973684210526315,0.5661016949152542,0.7904878048780488
W_JPN_PTJ0_052_A2_0_ORIG.txt,204,86,96,48,108,38,0.5581395348837209,0.47058823529411764,0.6685161290322584
W_JPN_PTJ0_021_B1_2_ORIG.txt,222,89,120,55,102,34,0.6179775280898876,0.5405405405405406,0.7378034682080918
W_PAK_PTJ0_010_B1_2_ORIG.txt,245,124,130,80,115,44,0.6451612903225806,0.5306122448979592,0.7679591836734686
W_JPN_SMK0_015_B1_2_ORIG.txt,302,138,129,82,173,56,0.5942028985507246,0.4271523178807947,0.777865612648221
W_PAK_SMK0_024_B1_2_ORIG.txt,203,112,106,75,97,37,0.6696428571428571,0.5221674876847291,0.8135064935064934
W_CHN_SMK0_011_B1_1_ORIG.txt,232,122,112,75,120,47,0.6147540983606558,0.4827586206896552,0.7565027322404372
W_CHN_PTJ0_163_B2_0_ORIG.txt,222,115,118,70,104,45,0.6086956521739131,0.5315315315315315,0.7804624277456643
W_SIN_PTJ0_005_B2_0_ORIG.txt,275,127,144,80,131,47,0.6299212598425197,0.5236363636363637,0.7677876106194693
W_PHL_SMK0_013_B1_1_ORIG.txt,286,150,139,95,147,55,0.6333333333333333,0.486013986013986,0.7780590717299576
W_TWN_PTJ0_010_A2_0_ORIG.txt,216,106,131,73,85,33,0.6886792452830188,0.6064814814814815,0.7658682634730541
W_JPN_PTJ0_031_B1_2_ORIG.txt,234,120,114,77,120,43,0.6416666666666667,0.48717948717948717,0.7899459459459451
W_HKG_SMK0_015_B2_0_ORIG.txt,244,124,127,84,117,40,0.6774193548387096,0.5204918032786885,0.769641025641025
W_PHL_SMK0_081_B2_0_ORIG.txt,255,141,105,79,150,62,0.5602836879432624,0.4117647058823529,0.8075728155339811
W_CHN_SMK0_275_B2_0_ORIG.txt,236,147,131,105,105,42,0.7142857142857143,0.5550847457627118,0.810267379679144
W_THA_PTJ0_005_B1_2_ORIG.txt,245,89,133,55,112,34,0.6179775280898876,0.5428571428571428,0.7169387755102041
W_PAK_PTJ0_017_B1_2_ORIG.txt,204,110,96,70,108,40,0.6363636363636364,0.47058823529411764,0.7598709677419359
W_CHN_PTJ0_039_A2_0_ORIG.txt,210,103,95,65,115,38,0.6310679611650486,0.4523809523809524,0.7535403726708072
W_HKG_PTJ0_020_B1_1_ORIG.txt,325,135,172,91,153,44,0.674074074074074,0.5292307692307693,0.7466666666666668
W_KOR_PTJ0_032_B1_2_ORIG.txt,222,104,136,67,86,37,0.6442307692307693,0.6126126126126126,0.778381502890173
W_KOR_SMK0_229_A2_0_ORIG.txt,209,95,97,56,112,39,0.5894736842105263,0.46411483253588515,0.7324999999999995
W_TWN_PTJ0_008_B1_1_ORIG.txt,201,99,114,65,87,34,0.6565656565656566,0.5671641791044776,0.7143421052631581
W_CHN_SMK0_002_B1_1_ORIG.txt,290,147,118,85,172,62,0.5782312925170068,0.4068965517241379,0.7717012448132774
W_SIN_SMK0_035_B2_0_ORIG.txt,291,162,136,111,155,51,0.6851851851851852,0.46735395189003437,0.7999173553719015
W_IDN_PTJ0_021_B1_2_ORIG.txt,204,79,100,51,104,28,0.6455696202531646,0.49019607843137253,0.7126451612903234
W_IDN_SMK0_015_B1_2_ORIG.txt,220,97,115,61,105,36,0.6288659793814433,0.5227272727272727,0.7326315789473685
W_KOR_SMK0_116_B2_0_ORIG.txt,296,101,136,57,160,44,0.5643564356435643,0.4594594594594595,0.724615384615384
W_IDN_PTJ0_045_A2_0_ORIG.txt,302,122,141,82,161,40,0.6721311475409836,0.46688741721854304,0.7376284584980239
W_KOR_SMK0_011_B1_2_ORIG.txt,199,102,103,72,96,30,0.7058823529411765,0.5175879396984925,0.7093333333333338
W_JPN_SMK0_016_B1_2_ORIG.txt,207,101,112,61,95,40,0.6039603960396039,0.5410628019323671,0.7226582278481016
W_TWN_SMK0_037_A2_0_ORIG.txt,214,102,99,56,115,46,0.5490196078431373,0.46261682242990654,0.7592727272727269
W_THA_PTJ0_001_B1_2_ORIG.txt,237,112,121,71,116,41,0.6339285714285714,0.510548523206751,0.7691489361702126
W_PHL_SMK0_038_B2_0_ORIG.txt,206,102,93,53,113,49,0.5196078431372549,0.45145631067961167,0.7756687898089181
W_JPN_SMK0_041_B2_0_ORIG.txt,284,125,121,74,163,51,0.592,0.426056338028169,0.7240000000000002
W_PHL_SMK0_092_B2_0_ORIG.txt,263,124,119,76,144,48,0.6129032258064516,0.4524714828897338,0.7136448598130841
W_TWN_PTJ0_026_B1_1_ORIG.txt,232,118,117,76,115,42,0.6440677966101694,0.5043103448275862,0.7712568306010926
W_PAK_SMK0_030_B1_2_ORIG.txt,312,136,157,87,155,49,0.6397058823529411,0.5032051282051282,0.7534600760456276
W_CHN_SMK0_044_A2_0_ORIG.txt,273,100,132,64,141,36,0.64,0.4835164835164835,0.7106249999999993
W_KOR_SMK0_001_A2_0_ORIG.txt,242,110,123,68,119,42,0.6181818181818182,0.5082644628099173,0.7778238341968909
W_JPN_SMK0_028_A2_0_ORIG.txt,197,92,98,54,99,38,0.5869565217391305,0.49746192893401014,0.7033783783783779
W_PHL_PTJ0_041_B2_0_ORIG.txt,209,120,96,73,113,47,0.6083333333333333,0.45933014354066987,0.8332500000000008
W_IDN_PTJ0_014_B1_1_ORIG.txt,200,90,92,46,108,44,0.5111111111111111,0.46,0.7458278145695366
W_IDN_PTJ0_003_B1_1_ORIG.txt,244,105,113,63,131,42,0.6,0.46311475409836067,0.7834871794871794
W_PAK_PTJ0_008_B1_1_ORIG.txt,231,118,114,73,117,45,0.6186440677966102,0.4935064935064935,0.7902197802197797
W_CHN_PTJ0_014_B1_2_ORIG.txt,261,127,123,84,138,43,0.6614173228346457,0.47126436781609193,0.7678301886792442
W_SIN_SMK0_001_B1_2_ORIG.txt,260,115,129,73,131,42,0.6347826086956522,0.49615384615384617,0.7430331753554505
W_PHL_PTJ0_001_B1_2_ORIG.txt,215,91,94,51,121,40,0.5604395604395604,0.4372093023255814,0.7196385542168683
W_THA_SMK0_032_A2_0_ORIG.txt,249,119,108,70,141,49,0.5882352941176471,0.43373493975903615,0.7808999999999997
W_HKG_PTJ0_011_B1_2_ORIG.txt,201,104,89,66,112,38,0.6346153846153846,0.4427860696517413,0.785394736842104
W_JPN_SMK0_035_B2_0_ORIG.txt,199,100,101,58,98,42,0.58,0.507537688442211,0.7989333333333335
W_KOR_PTJ0_095_B2_0_ORIG.txt,216,98,102,48,114,50,0.4897959183673469,0.4722222222222222,0.7262275449101799
W_IDN_PTJ0_008_A2_0_ORIG.txt,258,124,135,80,123,44,0.6451612903225806,0.5232558139534884,0.7218181818181816
W_THA_SMK0_017_B1_1_ORIG.txt,211,89,95,52,116,37,0.5842696629213483,0.45023696682464454,0.7525925925925925
W_PHL_PTJ0_005_B1_2_ORIG.txt,214,95,99,55,115,40,0.5789473684210527,0.46261682242990654,0.7162424242424238
W_KOR_PTJ0_026_A2_0_ORIG.txt,216,71,139,42,77,29,0.5915492957746479,0.6435185185185185,0.6227544910179638
W_KOR_PTJ0_014_B1_1_ORIG.txt,199,108,97,65,102,43,0.6018518518518519,0.48743718592964824,0.7578666666666672
W_PHL_PTJ0_114_B1_1_ORIG.txt,215,115,87,66,128,49,0.5739130434782609,0.4046511627906977,0.7834939759036139
W_IDN_PTJ0_007_B1_1_ORIG.txt,211,99,103,64,108,35,0.6464646464646465,0.4881516587677725,0.7729629629629632
W_PHL_PTJ0_115_B2_0_ORIG.txt,245,109,118,73,127,36,0.6697247706422018,0.4816326530612245,0.7234693877551023
W_IDN_PTJ0_022_A2_0_ORIG.txt,248,112,144,72,104,40,0.6428571428571429,0.5806451612903226,0.7539698492462311
W_PHL_PTJ0_053_B1_1_ORIG.txt,200,88,94,55,106,33,0.625,0.47,0.723576158940398
W_KOR_PTJ0_003_B1_1_ORIG.txt,229,83,131,54,98,29,0.6506024096385542,0.5720524017467249,0.6330000000000003
W_THA_PTJ0_009_B1_1_ORIG.txt,222,91,99,52,123,39,0.5714285714285714,0.44594594594594594,0.6995375722543358
W_SIN_SMK0_012_B1_2_ORIG.txt,247,127,116,77,131,50,0.6062992125984252,0.46963562753036436,0.7757575757575762
W_KOR_PTJ0_031_A2_0_ORIG.txt,234,93,109,53,125,40,0.5698924731182796,0.4658119658119658,0.6994594594594598
W_PHL_SMK0_008_B1_2_ORIG.txt,256,116,97,65,159,51,0.5603448275862069,0.37890625,0.7038647342995173
W_SIN_PTJ0_008_B1_2_ORIG.txt,206,112,96,71,110,41,0.6339285714285714,0.46601941747572817,0.8264968152866229
W_JPN_PTJ0_036_A2_0_ORIG.txt,207,91,103,55,104,36,0.6043956043956044,0.4975845410628019,0.6696202531645569
W_HKG_PTJ0_002_B1_2_ORIG.txt,192,107,92,58,100,49,0.5420560747663551,0.4791666666666667,0.7745454545454546
W_JPN_SMK0_030_B1_1_ORIG.txt,194,91,84,47,110,44,0.5164835164835165,0.4329896907216495,0.7238620689655169
W_TWN_SMK0_023_B1_2_ORIG.txt,214,123,109,76,105,47,0.6178861788617886,0.5093457943925234,0.8568484848484849
W_PAK_SMK0_001_B1_1_ORIG.txt,199,95,93,54,106,41,0.5684210526315789,0.46733668341708545,0.758666666666666
W_HKG_PTJ0_055_B2_0_ORIG.txt,196,114,112,76,84,38,0.6666666666666666,0.5714285714285714,0.7764625850340131
W_JPN_PTJ0_012_B2_0_ORIG.txt,230,119,108,67,122,52,0.5630252100840336,0.46956521739130436,0.7664088397790056
W_JPN_PTJ0_005_B2_0_ORIG.txt,211,88,93,49,118,39,0.5568181818181818,0.44075829383886256,0.6996296296296303
W_TWN_PTJ0_057_B2_0_ORIG.txt,275,114,141,70,134,44,0.6140350877192983,0.5127272727272727,0.7462831858407072
W_PAK_SMK0_016_B1_1_ORIG.txt,238,109,105,67,133,42,0.6146788990825688,0.4411764705882353,0.6955555555555556
W_PAK_PTJ0_022_B1_1_ORIG.txt,234,106,114,61,120,45,0.5754716981132075,0.48717948717948717,0.7124324324324328
W_THA_PTJ0_030_B1_1_ORIG.txt,265,112,97,57,168,55,0.5089285714285714,0.3660377358490566,0.7186111111111109
W_JPN_SMK0_014_B1_1_ORIG.txt,223,104,99,57,124,47,0.5480769230769231,0.4439461883408072,0.7648275862068958
W_KOR_PTJ0_009_B1_1_ORIG.txt,214,87,109,53,105,34,0.6091954022988506,0.5093457943925234,0.6904242424242428
W_TWN_PTJ0_040_A2_0_ORIG.txt,203,97,120,67,83,30,0.6907216494845361,0.5911330049261084,0.7661038961038956
W_KOR_PTJ0_267_A2_0_ORIG.txt,181,75,85,44,96,31,0.5866666666666667,0.4696132596685083,0.7106060606060608
W_HKG_SMK0_012_B1_2_ORIG.txt,194,104,96,64,98,40,0.6153846153846154,0.4948453608247423,0.7644137931034478
W_HKG_SMK0_045_B2_0_ORIG.txt,183,105,83,65,100,40,0.6190476190476191,0.453551912568306,0.7600000000000009
W_TWN_PTJ0_024_B1_2_ORIG.txt,207,110,103,67,104,43,0.6090909090909091,0.4975845410628019,0.7848101265822782
W_THA_SMK0_012_A2_0_ORIG.txt,209,115,105,72,104,43,0.6260869565217392,0.5023923444976076,0.7408749999999994
W_THA_PTJ0_026_A2_0_ORIG.txt,298,128,143,80,155,48,0.625,0.4798657718120805,0.6924497991967877
W_THA_SMK0_020_B1_1_ORIG.txt,215,100,103,59,112,41,0.59,0.4790697674418605,0.7193975903614462
W_THA_PTJ0_008_A2_0_ORIG.txt,216,105,117,61,99,44,0.580952380952381,0.5416666666666666,0.7479041916167661
W_IDN_SMK0_025_A2_0_ORIG.txt,211,99,94,54,117,45,0.5454545454545454,0.44549763033175355,0.730740740740741
W_TWN_SMK0_069_B2_0_ORIG.txt,213,112,96,64,117,48,0.5714285714285714,0.4507042253521127,0.7526829268292682
W_CHN_PTJ0_228_B2_0_ORIG.txt,315,156,153,96,162,60,0.6153846153846154,0.4857142857142857,0.7789473684210516
W_PHL_SMK0_113_B1_1_ORIG.txt,204,95,87,60,117,35,0.631578947368421,0.4264705882352941,0.7481290322580644
W_SIN_PTJ0_002_B1_2_ORIG.txt,262,136,130,95,132,41,0.6985294117647058,0.4961832061068702,0.8054460093896708
W_KOR_SMK0_021_A2_0_ORIG.txt,199,91,93,59,106,32,0.6483516483516484,0.46733668341708545,0.7106666666666671
W_PHL_SMK0_002_B1_2_ORIG.txt,199,106,83,65,116,41,0.6132075471698113,0.41708542713567837,0.7814666666666653
W_TWN_SMK0_014_B1_2_ORIG.txt,203,101,96,63,107,38,0.6237623762376238,0.4729064039408867,0.7694805194805194
W_KOR_PTJ0_178_A2_0_ORIG.txt,216,100,117,60,99,40,0.6,0.5416666666666666,0.7458682634730539
W_THA_SMK0_024_B1_1_ORIG.txt,293,120,154,81,139,39,0.675,0.5255972696245734,0.7163114754098369
W_PAK_PTJ0_002_B1_1_ORIG.txt,215,103,99,67,116,36,0.6504854368932039,0.4604651162790698,0.7273493975903619
W_TWN_PTJ0_020_B1_2_ORIG.txt,202,90,97,55,105,35,0.6111111111111112,0.4801980198019802,0.7162091503267966
W_HKG_SMK0_001_B1_2_ORIG.txt,220,118,109,74,111,44,0.6271186440677966,0.4954545454545455,0.8112280701754376
W_THA_SMK0_016_A2_0_ORIG.txt,198,100,89,60,109,40,0.6,0.4494949494949495,0.7377181208053695
W_TWN_PTJ0_077_B2_0_ORIG.txt,266,131,126,87,140,44,0.6641221374045801,0.47368421052631576,0.7490322580645155
W_HKG_SMK0_056_B2_0_ORIG.txt,205,108,92,69,113,39,0.6388888888888888,0.44878048780487806,0.7725641025641028
W_JPN_SMK0_011_B2_0_ORIG.txt,249,99,119,56,130,43,0.5656565656565656,0.4779116465863454,0.694299999999999
W_CHN_PTJ0_009_B1_2_ORIG.txt,228,122,110,76,118,46,0.6229508196721312,0.4824561403508772,0.8044692737430179
W_KOR_SMK0_299_B1_2_ORIG.txt,187,93,91,51,96,42,0.5483870967741935,0.48663101604278075,0.7575362318840573
W_JPN_PTJ0_024_B1_1_ORIG.txt,182,87,97,55,85,32,0.632183908045977,0.532967032967033,0.6849624060150372
W_THA_SMK0_033_B1_1_ORIG.txt,205,82,93,46,112,36,0.5609756097560976,0.45365853658536587,0.6899999999999998
W_KOR_PTJ0_023_B1_1_ORIG.txt,236,108,121,68,115,40,0.6296296296296297,0.5127118644067796,0.7156149732620333
W_PHL_PTJ0_123_B1_1_ORIG.txt,291,131,125,83,166,48,0.6335877862595419,0.42955326460481097,0.7302479338842969
W_PHL_SMK0_006_B1_2_ORIG.txt,211,97,81,51,130,46,0.5257731958762887,0.38388625592417064,0.698518518518519
W_TWN_PTJ0_019_B1_2_ORIG.txt,243,116,112,68,131,48,0.5862068965517241,0.4609053497942387,0.7804123711340206
W_CHN_SMK0_013_B1_2_ORIG.txt,245,123,113,79,132,44,0.6422764227642277,0.46122448979591835,0.7726530612244892
W_JPN_PTJ0_038_A2_0_ORIG.txt,204,88,102,46,102,42,0.5227272727272727,0.5,0.708645161290323
W_KOR_SMK0_017_B1_1_ORIG.txt,193,93,107,62,86,31,0.6666666666666666,0.5544041450777202,0.7726388888888885
W_IDN_SMK0_004_B1_1_ORIG.txt,203,126,101,80,102,46,0.6349206349206349,0.4975369458128079,0.8387012987012982
W_IDN_SMK0_013_B1_1_ORIG.txt,238,83,131,52,107,31,0.6265060240963856,0.5504201680672269,0.6976719576719574
W_JPN_SMK0_029_B1_1_ORIG.txt,220,102,102,54,118,48,0.5294117647058824,0.4636363636363636,0.7575438596491231
W_KOR_PTJ0_006_A2_0_ORIG.txt,199,77,121,49,78,28,0.6363636363636364,0.6080402010050251,0.6958666666666676
W_CHN_SMK0_004_B1_2_ORIG.txt,229,125,101,71,128,54,0.568,0.4410480349344978,0.8208888888888886
W_SIN_PTJ0_011_B1_2_ORIG.txt,200,106,86,60,114,46,0.5660377358490566,0.43,0.7973509933774825
W_TWN_SMK0_013_A2_0_ORIG.txt,211,110,109,76,102,34,0.6909090909090909,0.5165876777251185,0.6959259259259264
W_THA_SMK0_011_B1_2_ORIG.txt,215,118,106,76,109,42,0.6440677966101694,0.4930232558139535,0.7845783132530123
W_CHN_SMK0_242_B2_0_ORIG.txt,248,136,110,80,138,56,0.5882352941176471,0.4435483870967742,0.8102512562814063
W_THA_SMK0_006_B1_2_ORIG.txt,209,124,112,84,97,40,0.6774193548387096,0.5358851674641149,0.809499999999999
W_JPN_SMK0_025_B1_2_ORIG.txt,201,104,110,65,91,39,0.625,0.5472636815920398,0.78078947368421
W_TWN_PTJ0_002_B1_1_ORIG.txt,226,104,112,61,114,43,0.5865384615384616,0.49557522123893805,0.7614689265536733
W_TWN_SMK0_018_B1_1_ORIG.txt,199,107,91,60,108,47,0.5607476635514018,0.457286432160804,0.7506666666666663
W_CHN_PTJ0_012_B1_1_ORIG.txt,215,108,96,59,119,49,0.5462962962962963,0.44651162790697674,0.7665060240963856
W_IDN_SMK0_031_B1_2_ORIG.txt,244,108,131,72,113,36,0.6666666666666666,0.5368852459016393,0.7015384615384609
W_KOR_SMK0_075_B2_0_ORIG.txt,240,132,115,78,125,54,0.5909090909090909,0.4791666666666667,0.8151832460732993
W_PHL_PTJ0_141_B2_0_ORIG.txt,283,124,124,77,159,47,0.6209677419354839,0.4381625441696113,0.7276923076923071
W_CHN_SMK0_160_B2_0_ORIG.txt,199,113,93,70,106,43,0.6194690265486725,0.46733668341708545,0.785333333333333
W_KOR_PTJ0_056_B2_0_ORIG.txt,213,92,102,59,111,33,0.6413043478260869,0.4788732394366197,0.6898780487804882
W_SIN_SMK0_006_B2_0_ORIG.txt,275,143,131,88,144,55,0.6153846153846154,0.4763636363636364,0.7943362831858412
W_KOR_SMK0_035_B1_2_ORIG.txt,199,95,92,56,107,39,0.5894736842105263,0.4623115577889447,0.7103999999999996
W_JPN_PTJ0_015_B1_2_ORIG.txt,275,135,126,84,149,51,0.6222222222222222,0.4581818181818182,0.7784955752212395
W_PAK_PTJ0_024_B1_2_ORIG.txt,228,103,127,69,101,34,0.6699029126213593,0.5570175438596491,0.7234636871508383
W_THA_SMK0_002_B1_2_ORIG.txt,241,153,128,106,113,47,0.6928104575163399,0.5311203319502075,0.789270833333334
W_JPN_SMK0_021_B1_2_ORIG.txt,222,107,108,67,114,40,0.6261682242990654,0.4864864864864865,0.7608092485549126
W_JPN_SMK0_052_A2_0_ORIG.txt,201,96,89,54,112,42,0.5625,0.4427860696517413,0.676842105263158
W_PAK_SMK0_010_B1_2_ORIG.txt,270,153,129,98,141,55,0.6405228758169934,0.4777777777777778,0.8048868778280547
W_CHN_SMK0_316_B2_0_ORIG.txt,285,127,140,77,145,50,0.6062992125984252,0.49122807017543857,0.7293220338983049
W_TWN_PTJ0_007_B2_0_ORIG.txt,252,112,107,63,145,49,0.5625,0.4246031746031746,0.7519211822660098
W_THA_SMK0_015_B1_2_ORIG.txt,221,113,110,65,111,48,0.5752212389380531,0.497737556561086,0.752209302325582
W_PAK_SMK0_007_B1_2_ORIG.txt,283,161,133,101,150,60,0.6273291925465838,0.46996466431095407,0.8257264957264963
W_TWN_SMK0_025_B1_1_ORIG.txt,199,96,109,63,90,33,0.65625,0.5477386934673367,0.7762666666666675
W_HKG_SMK0_030_B1_1_ORIG.txt,240,100,112,54,128,46,0.54,0.4666666666666667,0.7233507853403142
W_JPN_PTJ0_002_B1_2_ORIG.txt,186,65,104,41,82,24,0.6307692307692307,0.5591397849462365,0.6245255474452557
W_KOR_PTJ0_236_B1_1_ORIG.txt,212,101,116,62,96,39,0.6138613861386139,0.5471698113207547,0.7110429447852759
W_TWN_SMK0_039_A2_0_ORIG.txt,224,115,101,72,123,43,0.6260869565217392,0.45089285714285715,0.8052571428571424
W_CHN_PTJ0_001_B1_1_ORIG.txt,270,126,132,72,138,54,0.5714285714285714,0.4888888888888889,0.8054298642533936
W_HKG_SMK0_008_B2_0_ORIG.txt,305,160,133,110,172,50,0.6875,0.4360655737704918,0.7528124999999998
W_SIN_PTJ0_021_B2_0_ORIG.txt,257,126,125,79,132,47,0.626984126984127,0.48638132295719844,0.7786538461538459
W_IDN_SMK0_035_B1_2_ORIG.txt,205,99,88,54,117,45,0.5454545454545454,0.4292682926829268,0.7215384615384612
W_KOR_PTJ0_012_B1_2_ORIG.txt,204,100,94,55,110,45,0.55,0.46078431372549017,0.7371612903225812
W_CHN_PTJ0_024_A2_0_ORIG.txt,217,97,98,50,119,47,0.5154639175257731,0.45161290322580644,0.7398809523809516
W_HKG_SMK0_020_B1_1_ORIG.txt,275,116,117,70,158,46,0.603448275862069,0.4254545454545455,0.714159292035398
W_CHN_SMK0_039_A2_0_ORIG.txt,209,116,95,73,114,43,0.6293103448275862,0.45454545454545453,0.77275
W_THA_SMK0_005_B1_2_ORIG.txt,214,85,116,50,98,35,0.5882352941176471,0.5420560747663551,0.7067878787878792
W_PAK_SMK0_017_B1_2_ORIG.txt,220,115,106,81,114,34,0.7043478260869566,0.4818181818181818,0.7580116959064331
W_CHN_PTJ0_275_B2_0_ORIG.txt,237,139,126,98,111,41,0.7050359712230215,0.5316455696202531,0.8150000000000002
W_PHL_PTJ0_081_B2_0_ORIG.txt,307,141,146,90,161,51,0.6382978723404256,0.4755700325732899,0.7344186046511618
W_HKG_PTJ0_015_B2_0_ORIG.txt,201,86,103,52,98,34,0.6046511627906976,0.5124378109452736,0.6869736842105257
W_JPN_SMK0_031_B1_2_ORIG.txt,220,115,90,61,130,54,0.5304347826086957,0.4090909090909091,0.7698245614035084
W_TWN_SMK0_010_A2_0_ORIG.txt,205,104,103,71,102,33,0.6826923076923077,0.5024390243902439,0.7508974358974355
W_PHL_PTJ0_013_B1_1_ORIG.txt,289,120,142,71,147,49,0.5916666666666667,0.4913494809688581,0.7469166666666668
W_SIN_SMK0_005_B2_0_ORIG.txt,249,132,112,80,137,52,0.6060606060606061,0.4497991967871486,0.8124000000000006
W_CHN_SMK0_163_B2_0_ORIG.txt,232,126,113,79,119,47,0.626984126984127,0.4870689655172414,0.7914754098360662
W_CHN_PTJ0_011_B1_1_ORIG.txt,214,109,111,65,103,44,0.5963302752293578,0.5186915887850467,0.7903030303030296
W_PAK_PTJ0_030_B1_2_ORIG.txt,316,122,169,78,147,44,0.639344262295082,0.5348101265822784,0.7319101123595508
W_TWN_SMK0_026_B1_1_ORIG.txt,205,107,97,66,108,41,0.616822429906542,0.47317073170731705,0.7423076923076929
W_PHL_PTJ0_092_B2_0_ORIG.txt,290,120,137,78,153,42,0.65,0.4724137931034483,0.7218257261410785
W_PHL_PTJ0_038_B2_0_ORIG.txt,272,120,120,71,152,49,0.5916666666666667,0.4411764705882353,0.7335426008968619
W_JPN_PTJ0_041_B2_0_ORIG.txt,301,129,153,75,148,54,0.5813953488372093,0.5083056478405316,0.7494444444444446
W_TWN_PTJ0_037_A2_0_ORIG.txt,208,123,105,79,103,44,0.6422764227642277,0.5048076923076923,0.7942138364779869
W_THA_SMK0_001_B1_2_ORIG.txt,296,133,124,76,172,57,0.5714285714285714,0.4189189189189189,0.7589473684210539
W_JPN_PTJ0_016_B1_2_ORIG.txt,207,97,98,53,109,44,0.5463917525773195,0.47342995169082125,0.7196202531645561
W_KOR_PTJ0_011_B1_2_ORIG.txt,204,105,111,74,93,31,0.7047619047619048,0.5441176470588235,0.6903225806451609
W_IDN_SMK0_045_A2_0_ORIG.txt,261,111,110,65,151,46,0.5855855855855856,0.421455938697318,0.7378301886792462
W_KOR_PTJ0_116_B2_0_ORIG.txt,296,110,138,56,158,54,0.509090909090909,0.46621621621621623,0.7066396761133603
W_IDN_PTJ0_015_B1_2_ORIG.txt,247,109,138,71,109,38,0.6513761467889908,0.5587044534412956,0.766565656565657
W_SIN_PTJ0_035_B2_0_ORIG.txt,233,140,110,86,123,54,0.6142857142857143,0.4721030042918455,0.8392391304347839
W_IDN_SMK0_021_B1_2_ORIG.txt,204,91,104,56,100,35,0.6153846153846154,0.5098039215686274,0.7336774193548389
W_CHN_PTJ0_002_B1_1_ORIG.txt,201,114,91,68,110,46,0.5964912280701754,0.4527363184079602,0.8093421052631576
W_KOR_PTJ0_229_A2_0_ORIG.txt,202,99,102,59,100,40,0.5959595959595959,0.504950495049505,0.7903267973856211
W_KOR_SMK0_032_B1_2_ORIG.txt,205,112,104,69,101,43,0.6160714285714286,0.5073170731707317,0.7597435897435901
W_TWN_SMK0_008_B1_1_ORIG.txt,216,118,96,69,120,49,0.5847457627118644,0.4444444444444444,0.7722155688622746
W_THA_PTJ0_017_B1_1_ORIG.txt,216,82,104,45,112,37,0.5487804878048781,0.48148148148148145,0.6986826347305388
W_IDN_SMK0_008_A2_0_ORIG.txt,236,111,102,63,134,48,0.5675675675675675,0.4322033898305085,0.72
W_KOR_SMK0_095_B2_0_ORIG.txt,201,111,96,67,105,44,0.6036036036036037,0.47761194029850745,0.7447368421052627
W_JPN_PTJ0_035_B2_0_ORIG.txt,234,100,119,58,115,42,0.58,0.5085470085470085,0.7365405405405402
W_HKG_SMK0_011_B1_2_ORIG.txt,196,104,98,66,98,38,0.6346153846153846,0.5,0.7197278911564627
W_THA_PTJ0_032_A2_0_ORIG.txt,209,120,93,62,116,58,0.5166666666666667,0.4449760765550239,0.8031249999999999
W_SIN_PTJ0_001_B1_2_ORIG.txt,297,130,146,76,151,54,0.5846153846153846,0.49158249158249157,0.7532258064516124
W_PHL_SMK0_001_B1_2_ORIG.txt,283,113,118,61,165,52,0.5398230088495575,0.4169611307420495,0.7152136752136747
W_PAK_SMK0_008_B1_1_ORIG.txt,247,127,100,73,147,54,0.5748031496062992,0.4048582995951417,0.7459595959595954
W_CHN_SMK0_014_B1_2_ORIG.txt,246,135,126,88,120,47,0.6518518518518519,0.5121951219512195,0.7620304568527916
W_IDN_SMK0_003_B1_1_ORIG.txt,244,100,112,56,132,44,0.56,0.45901639344262296,0.7198974358974365
W_IDN_SMK0_014_B1_1_ORIG.txt,206,94,98,58,108,36,0.6170212765957447,0.47572815533980584,0.696178343949044
W_PHL_SMK0_041_B2_0_ORIG.txt,208,110,100,67,108,43,0.6090909090909091,0.4807692307692308,0.7444025157232702
W_KOR_PTJ0_001_A2_0_ORIG.txt,239,101,116,60,123,41,0.594059405940594,0.48535564853556484,0.7231578947368421
W_JPN_PTJ0_028_A2_0_ORIG.txt,211,91,89,48,122,43,0.5274725274725275,0.4218009478672986,0.6690123456790116
W_CHN_PTJ0_044_A2_0_ORIG.txt,305,105,152,59,153,46,0.5619047619047619,0.49836065573770494,0.6998437499999999
W_PAK_SMK0_022_B1_1_ORIG.txt,245,117,116,71,129,46,0.6068376068376068,0.47346938775510206,0.7502040816326536
W_THA_SMK0_030_B1_1_ORIG.txt,201,105,90,55,111,50,0.5238095238095238,0.44776119402985076,0.7577631578947366
W_PAK_PTJ0_016_B1_1_ORIG.txt,240,108,112,66,128,42,0.6111111111111112,0.4666666666666667,0.716439790575916
W_TWN_SMK0_057_B2_0_ORIG.txt,217,103,94,56,123,47,0.5436893203883495,0.43317972350230416,0.73202380952381
W_JPN_SMK0_005_B2_0_ORIG.txt,196,103,88,65,108,38,0.6310679611650486,0.4489795918367347,0.7401360544217691
W_HKG_SMK0_055_B2_0_ORIG.txt,217,114,102,74,115,40,0.6491228070175439,0.4700460829493088,0.7559523809523819
W_JPN_SMK0_012_B2_0_ORIG.txt,246,119,108,65,138,54,0.5462184873949579,0.43902439024390244,0.7868020304568539
W_JPN_SMK0_036_A2_0_ORIG.txt,210,92,101,51,109,41,0.5543478260869565,0.48095238095238096,0.7159006211180123
W_HKG_SMK0_002_B1_2_ORIG.txt,206,108,100,68,106,40,0.6296296296296297,0.4854368932038835,0.7661146496815285
W_JPN_PTJ0_030_B1_1_ORIG.txt,199,100,94,63,105,37,0.63,0.4723618090452261,0.7726666666666656
W_TWN_PTJ0_023_B1_2_ORIG.txt,246,126,124,75,122,51,0.5952380952380952,0.5040650406504065,0.7886294416243647
W_PAK_PTJ0_001_B1_1_ORIG.txt,207,105,90,68,117,37,0.6476190476190476,0.43478260869565216,0.7473417721518983
W_PHL_PTJ0_008_B1_2_ORIG.txt,224,101,101,65,123,36,0.6435643564356436,0.45089285714285715,0.6930285714285717
W_SIN_SMK0_008_B1_2_ORIG.txt,204,111,89,66,115,45,0.5945945945945946,0.4362745098039216,0.7987096774193538
W_SIN_PTJ0_012_B1_2_ORIG.txt,219,105,110,67,109,38,0.638095238095238,0.502283105022831,0.7208235294117651
W_KOR_SMK0_031_A2_0_ORIG.txt,203,94,85,48,118,46,0.5106382978723404,0.4187192118226601,0.7344155844155849
W_KOR_SMK0_003_B1_1_ORIG.txt,209,91,116,63,93,28,0.6923076923076923,0.5550239234449761,0.7025000000000008
W_PHL_SMK0_053_B1_1_ORIG.txt,200,106,93,67,107,39,0.6320754716981132,0.465,0.7932450331125827
W_THA_SMK0_009_B1_1_ORIG.txt,265,109,111,66,154,43,0.6055045871559633,0.4188679245283019,0.7100925925925923
W_IDN_SMK0_022_A2_0_ORIG.txt,228,98,103,58,125,40,0.5918367346938775,0.4517543859649123,0.6767597765363131
W_PHL_SMK0_115_B2_0_ORIG.txt,248,122,105,72,143,50,0.5901639344262295,0.42338709677419356,0.7530653266331663
W_IDN_SMK0_007_B1_1_ORIG.txt,202,99,94,64,108,35,0.6464646464646465,0.46534653465346537,0.7500653594771247
W_PHL_SMK0_114_B1_1_ORIG.txt,232,106,87,61,145,45,0.5754716981132075,0.375,0.74207650273224
W_KOR_SMK0_014_B1_1_ORIG.txt,213,118,126,79,87,39,0.6694915254237288,0.5915492957746479,0.7985365853658531
W_PHL_SMK0_005_B1_2_ORIG.txt,215,106,97,71,118,35,0.6698113207547169,0.4511627906976744,0.7886746987951812
W_KOR_SMK0_026_A2_0_ORIG.txt,213,77,107,44,106,33,0.5714285714285714,0.5023474178403756,0.7045121951219513
W_IDN_SMK0_020_B1_2_ORIG.txt,276,125,105,67,171,58,0.536,0.3804347826086957,0.7565638766519817
W_HKG_PTJ0_028_B1_1_ORIG.txt,201,91,113,56,88,35,0.6153846153846154,0.5621890547263682,0.7580263157894733
W_TWN_SMK0_009_B1_1_ORIG.txt,238,101,114,62,124,39,0.6138613861386139,0.4789915966386555,0.7726984126984134
W_CHN_PTJ0_003_B1_1_ORIG.txt,237,106,129,69,108,37,0.6509433962264151,0.5443037974683544,0.7319148936170211
W_KOR_PTJ0_010_B1_2_ORIG.txt,208,93,99,51,109,42,0.5483870967741935,0.47596153846153844,0.6874213836477989
W_CHN_SMK0_020_B1_1_ORIG.txt,203,108,92,63,111,45,0.5833333333333334,0.45320197044334976,0.7687012987012984
W_KOR_SMK0_024_B1_2_ORIG.txt,192,95,108,64,84,31,0.6736842105263158,0.5625,0.7313286713286714
W_CHN_PTJ0_026_A2_0_ORIG.txt,211,85,112,52,99,33,0.611764705882353,0.5308056872037915,0.7270370370370373
W_HKG_PTJ0_029_B2_0_ORIG.txt,270,139,131,87,139,52,0.6258992805755396,0.48518518518518516,0.7885067873303166
W_IDN_PTJ0_070_A2_0_ORIG.txt,200,95,105,54,95,41,0.5684210526315789,0.525,0.6939072847682116
W_SIN_PTJ0_023_B2_0_ORIG.txt,281,119,146,74,135,45,0.6218487394957983,0.5195729537366548,0.7262931034482752
W_HKG_PTJ0_007_B2_0_ORIG.txt,197,115,101,73,96,42,0.6347826086956522,0.5126903553299492,0.8305405405405396
W_TWN_PTJ0_012_B2_0_ORIG.txt,208,115,97,73,111,42,0.6347826086956522,0.46634615384615385,0.7381132075471701
W_TWN_PTJ0_004_B1_1_ORIG.txt,254,113,130,70,124,43,0.6194690265486725,0.5118110236220472,0.7586341463414634
W_HKG_SMK0_025_B1_1_ORIG.txt,238,121,111,81,127,40,0.6694214876033058,0.46638655462184875,0.7438095238095233
W_PAK_SMK0_012_B1_2_ORIG.txt,219,129,97,78,122,51,0.6046511627906976,0.4429223744292237,0.813529411764706
W_TWN_SMK0_027_B1_1_ORIG.txt,212,115,101,66,111,49,0.5739130434782609,0.47641509433962265,0.8114110429447844
W_PAK_SMK0_005_B1_2_ORIG.txt,203,117,96,71,107,46,0.6068376068376068,0.4729064039408867,0.8070129870129871
W_HKG_PTJ0_006_B1_1_ORIG.txt,193,99,91,63,102,36,0.6363636363636364,0.47150259067357514,0.7401388888888887
W_TWN_SMK0_015_A2_0_ORIG.txt,398,183,175,115,223,68,0.6284153005464481,0.4396984924623116,0.7777077363896842
W_PHL_PTJ0_085_B1_1_ORIG.txt,214,93,92,55,122,38,0.5913978494623656,0.42990654205607476,0.6985454545454548
W_IDN_SMK0_033_B1_2_ORIG.txt,220,111,88,60,132,51,0.5405405405405406,0.4,0.7396491228070174
W_CHN_PTJ0_022_A2_0_ORIG.txt,205,109,100,69,105,40,0.6330275229357798,0.4878048780487805,0.8029487179487176
W_CHN_PTJ0_010_B1_1_ORIG.txt,204,106,94,69,110,37,0.6509433962264151,0.46078431372549017,0.7819354838709662
W_CHN_PTJ0_007_B1_1_ORIG.txt,218,103,101,62,117,41,0.6019417475728155,0.463302752293578,0.7613017751479282
W_KOR_SMK0_037_B1_2_ORIG.txt,210,104,113,69,97,35,0.6634615384615384,0.5380952380952381,0.6992546583850935
W_PHL_PTJ0_154_B2_0_ORIG.txt,287,131,145,93,142,38,0.7099236641221374,0.5052264808362369,0.7320168067226889
W_SIN_SMK0_004_B2_0_ORIG.txt,264,120,120,69,144,51,0.575,0.45454545454545453,0.7467906976744185
W_IDN_SMK0_024_B1_2_ORIG.txt,217,115,103,72,114,43,0.6260869565217392,0.47465437788018433,0.7421428571428577
W_TWN_SMK0_088_B2_0_ORIG.txt,200,99,102,58,98,41,0.5858585858585859,0.51,0.756026490066225
W_TWN_PTJ0_017_B1_1_ORIG.txt,227,117,104,72,123,45,0.6153846153846154,0.4581497797356828,0.7403370786516859
W_HKG_SMK0_036_B1_1_ORIG.txt,239,103,134,67,105,36,0.6504854368932039,0.5606694560669456,0.7403157894736824
W_THA_PTJ0_027_B1_2_ORIG.txt,230,90,118,55,112,35,0.6111111111111112,0.5130434782608696,0.696906077348067
W_JPN_SMK0_043_A2_0_ORIG.txt,202,92,97,50,105,42,0.5434782608695652,0.4801980198019802,0.6964705882352942
W_THA_SMK0_004_B1_2_ORIG.txt,199,104,87,57,112,47,0.5480769230769231,0.4371859296482412,0.7269333333333331
W_CHN_SMK0_038_A2_0_ORIG.txt,209,114,98,72,111,42,0.631578947368421,0.4688995215311005,0.8021250000000004
W_HKG_SMK0_021_B1_1_ORIG.txt,211,103,102,65,109,38,0.6310679611650486,0.4834123222748815,0.7512345679012347
W_TWN_SMK0_006_A2_0_ORIG.txt,212,109,101,69,111,40,0.6330275229357798,0.47641509433962265,0.7598773006134977
W_CHN_PTJ0_028_B2_0_ORIG.txt,216,107,104,58,112,49,0.5420560747663551,0.48148148148148145,0.7281437125748499
W_PHL_PTJ0_137_B2_0_ORIG.txt,294,143,132,87,162,56,0.6083916083916084,0.4489795918367347,0.7805714285714275
W_PHL_SMK0_004_B1_2_ORIG.txt,204,106,84,60,120,46,0.5660377358490566,0.4117647058823529,0.7812903225806449
W_JPN_PTJ0_008_B1_1_ORIG.txt,298,128,144,80,154,48,0.625,0.48322147651006714,0.7606425702811238
W_KOR_SMK0_015_B1_1_ORIG.txt,182,78,89,45,93,33,0.5769230769230769,0.489010989010989,0.6784962406015038
W_PHL_SMK0_052_B1_1_ORIG.txt,237,137,123,87,114,50,0.635036496350365,0.5189873417721519,0.8335106382978723
W_CHN_SMK0_006_B1_2_ORIG.txt,233,121,107,75,126,46,0.6198347107438017,0.4592274678111588,0.7864130434782608
W_SIN_PTJ0_013_B1_2_ORIG.txt,233,130,112,81,121,49,0.6230769230769231,0.48068669527896996,0.8071739130434777
W_CHN_PTJ0_041_A2_0_ORIG.txt,228,104,113,63,115,41,0.6057692307692307,0.4956140350877193,0.7540782122905024
W_IDN_SMK0_011_B1_1_ORIG.txt,201,106,101,67,100,39,0.6320754716981132,0.5024875621890548,0.7813157894736841
W_JPN_PTJ0_009_B2_0_ORIG.txt,227,99,106,58,121,41,0.5858585858585859,0.4669603524229075,0.7668539325842697
W_KOR_PTJ0_020_B2_0_ORIG.txt,226,112,117,72,109,40,0.6428571428571429,0.5176991150442478,0.7398870056497165
W_IDN_PTJ0_017_A2_0_ORIG.txt,211,78,88,37,123,41,0.47435897435897434,0.41706161137440756,0.6881481481481487
W_IDN_SMK0_023_A2_0_ORIG.txt,202,100,78,56,124,44,0.56,0.38613861386138615,0.69045751633987
W_IDN_PTJ0_039_A2_0_ORIG.txt,240,120,133,78,107,42,0.65,0.5541666666666667,0.7562303664921469
W_HKG_SMK0_054_B2_0_ORIG.txt,237,112,121,73,116,39,0.6517857142857143,0.510548523206751,0.7743617021276591
W_PHL_PTJ0_009_B1_2_ORIG.txt,292,133,144,91,148,42,0.6842105263157895,0.4931506849315068,0.7502057613168722
W_JPN_PTJ0_003_A2_0_ORIG.txt,212,88,105,56,107,32,0.6363636363636364,0.49528301886792453,0.7121472392638029
W_SIN_SMK0_009_B1_2_ORIG.txt,243,161,125,109,118,52,0.6770186335403726,0.51440329218107,0.8480412371134023
W_HKG_SMK0_003_B1_2_ORIG.txt,200,108,88,64,112,44,0.5925925925925926,0.44,0.7725827814569541
W_THA_SMK0_014_A2_0_ORIG.txt,220,102,98,59,122,43,0.5784313725490197,0.44545454545454544,0.7157894736842113
W_HKG_SMK0_014_B1_2_ORIG.txt,189,114,95,76,94,38,0.6666666666666666,0.5026455026455027,0.7957142857142854
W_JPN_PTJ0_026_B1_1_ORIG.txt,246,118,125,72,121,46,0.6101694915254238,0.508130081300813,0.723248730964467
W_THA_SMK0_003_A2_0_ORIG.txt,205,131,120,90,85,41,0.6870229007633588,0.5853658536585366,0.8193589743589735
W_TWN_SMK0_001_B1_2_ORIG.txt,220,110,106,68,114,42,0.6181818181818182,0.4818181818181818,0.7956725146198822
W_JPN_SMK0_004_B2_0_ORIG.txt,230,103,103,55,127,48,0.5339805825242718,0.44782608695652176,0.7218784530386744
W_CHN_PTJ0_045_A2_0_ORIG.txt,233,115,131,69,102,46,0.6,0.5622317596566524,0.7396739130434781
W_PAK_SMK0_009_B1_1_ORIG.txt,216,107,110,70,106,37,0.6542056074766355,0.5092592592592593,0.6948502994011976
W_CHN_SMK0_015_B1_2_ORIG.txt,224,127,106,74,118,53,0.5826771653543307,0.4732142857142857,0.7929142857142855
W_IDN_SMK0_002_B1_1_ORIG.txt,220,102,104,57,116,45,0.5588235294117647,0.4727272727272727,0.7458479532163743
W_TWN_PTJ0_048_B2_0_ORIG.txt,243,110,116,57,127,53,0.5181818181818182,0.4773662551440329,0.7341237113402062
W_JPN_PTJ0_034_B2_0_ORIG.txt,203,102,94,56,109,46,0.5490196078431373,0.4630541871921182,0.7503896103896108
W_PHL_SMK0_129_B2_0_ORIG.txt,284,129,133,85,151,44,0.6589147286821705,0.46830985915492956,0.7572765957446804
W_PAK_SMK0_027_B1_1_ORIG.txt,195,104,96,69,99,35,0.6634615384615384,0.49230769230769234,0.7515068493150682
W_TWN_SMK0_005_B1_2_ORIG.txt,209,113,93,67,116,46,0.5929203539823009,0.4449760765550239,0.7714999999999993
W_HKG_SMK0_010_B1_2_ORIG.txt,212,103,91,67,121,36,0.6504854368932039,0.42924528301886794,0.7219631901840496
W_JPN_PTJ0_022_B1_1_ORIG.txt,227,68,91,37,136,31,0.5441176470588235,0.4008810572687225,0.6639325842696626
W_JPN_SMK0_040_B1_2_ORIG.txt,205,102,108,62,97,40,0.6078431372549019,0.526829268292683,0.7829487179487175
W_CHN_PTJ0_018_B1_2_ORIG.txt,193,73,90,41,103,32,0.5616438356164384,0.46632124352331605,0.6350000000000006
W_JPN_SMK0_033_A2_0_ORIG.txt,209,98,117,65,92,33,0.6632653061224489,0.5598086124401914,0.7315
W_THA_SMK0_010_A2_0_ORIG.txt,201,98,85,56,116,42,0.5714285714285714,0.4228855721393035,0.728289473684211
W_PAK_PTJ0_004_B1_1_ORIG.txt,203,61,117,38,86,23,0.6229508196721312,0.5763546798029556,0.606753246753246
W_JPN_SMK0_001_B1_1_ORIG.txt,177,82,76,40,101,42,0.4878048780487805,0.4293785310734463,0.7539062500000002
W_JPN_PTJ0_007_A2_0_ORIG.txt,228,91,114,56,114,35,0.6153846153846154,0.5,0.7248044692737428
W_JPN_SMK0_017_B2_0_ORIG.txt,212,96,94,57,118,39,0.59375,0.44339622641509435,0.6838036809815948
W_JPN_PTJ0_023_B2_0_ORIG.txt,309,131,159,77,150,54,0.5877862595419847,0.5145631067961165,0.7603846153846159
W_IDN_SMK0_012_B1_1_ORIG.txt,219,90,108,51,111,39,0.5666666666666667,0.4931506849315068,0.7256470588235293
W_SIN_PTJ0_010_B1_2_ORIG.txt,215,113,88,67,127,46,0.5929203539823009,0.40930232558139534,0.7680722891566262
W_PHL_SMK0_010_B1_2_ORIG.txt,268,147,128,99,140,48,0.673469387755102,0.47761194029850745,0.7748858447488575
W_CHN_SMK0_005_B1_2_ORIG.txt,206,109,97,66,109,43,0.6055045871559633,0.470873786407767,0.7692993630573252
W_KOR_PTJ0_295_B1_2_ORIG.txt,326,167,163,111,163,56,0.6646706586826348,0.5,0.8394223826714823
W_PHL_SMK0_051_B1_1_ORIG.txt,298,122,146,73,152,49,0.5983606557377049,0.4899328859060403,0.7327710843373495
W_THA_PTJ0_028_B1_1_ORIG.txt,286,130,142,81,144,49,0.6230769230769231,0.4965034965034965,0.7392405063291134
W_SIN_PTJ0_007_B1_2_ORIG.txt,212,105,92,59,120,46,0.5619047619047619,0.4339622641509434,0.7678527607361957
W_KOR_PTJ0_022_B1_1_ORIG.txt,219,120,105,71,114,49,0.5916666666666667,0.4794520547945205,0.7647058823529411
W_PHL_SMK0_007_B1_2_ORIG.txt,214,108,88,56,126,52,0.5185185185185185,0.411214953271028,0.7311515151515147
W_IDN_SMK0_005_B1_1_ORIG.txt,204,85,101,58,103,27,0.6823529411764706,0.4950980392156863,0.6731612903225802
W_PHL_PTJ0_064_B2_0_ORIG.txt,304,157,146,109,158,48,0.6942675159235668,0.48026315789473684,0.7521568627450986
W_PAK_SMK0_020_B1_1_ORIG.txt,233,101,113,61,120,40,0.6039603960396039,0.48497854077253216,0.7663043478260861
W_CHN_PTJ0_008_B1_2_ORIG.txt,238,121,101,78,137,43,0.6446280991735537,0.42436974789915966,0.7659259259259262
W_PAK_PTJ0_014_B1_1_ORIG.txt,240,116,116,74,124,42,0.6379310344827587,0.48333333333333334,0.7415706806282719
W_TWN_PTJ0_021_B1_2_ORIG.txt,220,102,116,60,104,42,0.5882352941176471,0.5272727272727272,0.725029239766082
W_JPN_SMK0_006_B1_1_ORIG.txt,228,85,92,40,136,45,0.47058823529411764,0.40350877192982454,0.6909497206703912
W_THA_PTJ0_023_A2_0_ORIG.txt,188,117,105,78,83,39,0.6666666666666666,0.5585106382978723,0.8257553956834527
W_THA_SMK0_025_B1_1_ORIG.txt,231,103,109,62,122,41,0.6019417475728155,0.47186147186147187,0.7395604395604395
W_KOR_SMK0_004_B2_0_ORIG.txt,214,86,89,45,125,41,0.5232558139534884,0.4158878504672897,0.6534545454545458
W_IDN_SMK0_001_B1_1_ORIG.txt,233,106,115,71,118,35,0.6698113207547169,0.49356223175965663,0.6782608695652181
W_SIN_PTJ0_003_B1_2_ORIG.txt,215,123,126,88,89,35,0.7154471544715447,0.586046511627907,0.8297590361445789
W_PHL_SMK0_003_B1_2_ORIG.txt,202,99,94,57,108,42,0.5757575757575758,0.46534653465346537,0.7384313725490196
W_HKG_PTJ0_009_B1_2_ORIG.txt,247,106,132,68,115,38,0.6415094339622641,0.5344129554655871,0.7103030303030308
W_TWN_SMK0_028_B1_2_ORIG.txt,202,116,98,70,104,46,0.603448275862069,0.48514851485148514,0.7819607843137254
W_CHN_SMK0_016_B1_2_ORIG.txt,247,108,106,64,141,44,0.5925925925925926,0.4291497975708502,0.7292929292929293
W_THA_SMK0_018_B1_1_ORIG.txt,206,118,98,70,108,48,0.5932203389830508,0.47572815533980584,0.8147770700636932
W_CHN_PTJ0_046_A2_0_ORIG.txt,217,103,117,61,100,42,0.5922330097087378,0.5391705069124424,0.7200000000000004
W_JPN_PTJ0_018_B1_1_ORIG.txt,180,83,90,49,90,34,0.5903614457831325,0.5,0.6845801526717561
W_TWN_SMK0_068_B2_0_ORIG.txt,216,91,89,44,127,47,0.4835164835164835,0.41203703703703703,0.7028742514970063
W_KOR_SMK0_013_B2_0_ORIG.txt,219,96,96,56,123,40,0.5833333333333334,0.4383561643835616,0.7157647058823529
W_SIN_PTJ0_043_B2_0_ORIG.txt,246,110,114,66,132,44,0.6,0.4634146341463415,0.7468020304568532
W_TWN_SMK0_011_B1_2_ORIG.txt,202,97,88,58,114,39,0.5979381443298969,0.43564356435643564,0.7171241830065356
W_THA_SMK0_021_B1_1_ORIG.txt,211,85,83,46,128,39,0.5411764705882353,0.3933649289099526,0.6948148148148146
W_THA_SMK0_013_A2_0_ORIG.txt,210,97,99,56,111,41,0.5773195876288659,0.4714285714285714,0.7447204968944102
W_HKG_SMK0_004_B1_2_ORIG.txt,203,108,104,65,99,43,0.6018518518518519,0.5123152709359606,0.7745454545454549
W_KOR_PTJ0_008_B1_1_ORIG.txt,275,113,135,68,140,45,0.6017699115044248,0.4909090909090909,0.7392035398230095
W_JPN_SMK0_027_A2_0_ORIG.txt,203,100,102,61,101,39,0.61,0.5024630541871922,0.712077922077922
W_TWN_PTJ0_041_A2_0_ORIG.txt,257,129,122,77,135,52,0.5968992248062015,0.47470817120622566,0.7925961538461544
W_HKG_SMK0_013_B1_2_ORIG.txt,248,113,118,70,130,43,0.6194690265486725,0.47580645161290325,0.7370854271356782
W_JPN_PTJ0_013_A2_0_ORIG.txt,218,96,111,58,107,38,0.6041666666666666,0.5091743119266054,0.7332544378698227
W_CHN_SMK0_182_B2_0_ORIG.txt,215,104,97,61,118,43,0.5865384615384616,0.4511627906976744,0.7508433734939761
W_IDN_SMK0_034_B1_2_ORIG.txt,206,102,100,60,106,42,0.5882352941176471,0.4854368932038835,0.7335031847133763
W_KOR_PTJ0_114_B2_0_ORIG.txt,203,89,107,60,96,29,0.6741573033707865,0.5270935960591133,0.7012987012987014
W_SIN_SMK0_014_B2_0_ORIG.txt,293,134,144,87,149,47,0.6492537313432836,0.49146757679180886,0.7444262295081964
W_CHN_SMK0_023_B1_1_ORIG.txt,208,112,85,62,123,50,0.5535714285714286,0.40865384615384615,0.781006289308176
W_CHN_PTJ0_017_B1_1_ORIG.txt,250,125,107,75,143,50,0.6,0.428,0.759900497512438
W_THA_PTJ0_019_B1_2_ORIG.txt,240,113,112,61,128,52,0.5398230088495575,0.4666666666666667,0.7623036649214664
W_KOR_PTJ0_296_A2_0_ORIG.txt,218,104,123,69,95,35,0.6634615384615384,0.5642201834862385,0.7474556213017752
W_KOR_SMK0_030_B1_2_ORIG.txt,201,117,105,82,96,35,0.7008547008547008,0.5223880597014925,0.7964473684210518
W_JPN_SMK0_019_B1_2_ORIG.txt,220,79,95,41,125,38,0.5189873417721519,0.4318181818181818,0.6912280701754391
W_TWN_PTJ0_095_B2_0_ORIG.txt,265,102,125,59,140,43,0.5784313725490197,0.4716981132075472,0.7132407407407415
W_CHN_SMK0_172_B2_0_ORIG.txt,198,105,92,59,106,46,0.5619047619047619,0.46464646464646464,0.7864429530201348
W_SIN_PTJ0_037_B2_0_ORIG.txt,277,154,139,106,138,48,0.6883116883116883,0.5018050541516246,0.8074561403508772
W_IDN_SMK0_050_A2_0_ORIG.txt,202,98,90,53,112,45,0.5408163265306123,0.44554455445544555,0.7556862745098036
W_HKG_SMK0_027_B2_0_ORIG.txt,242,123,105,73,137,50,0.5934959349593496,0.43388429752066116,0.7507772020725391
W_TWN_SMK0_016_A2_0_ORIG.txt,209,101,99,57,110,44,0.5643564356435643,0.47368421052631576,0.7448749999999997
W_TWN_PTJ0_022_A2_0_ORIG.txt,202,79,101,46,101,33,0.5822784810126582,0.5,0.64156862745098
W_HKG_PTJ0_005_B1_1_ORIG.txt,218,102,106,60,112,42,0.5882352941176471,0.48623853211009177,0.7201183431952666
W_PAK_SMK0_006_B1_2_ORIG.txt,205,89,86,58,119,31,0.651685393258427,0.4195121951219512,0.6224358974358976
W_JPN_SMK0_020_B1_2_ORIG.txt,231,93,97,47,134,46,0.5053763440860215,0.4199134199134199,0.681208791208792
W_PHL_SMK0_148_B1_1_ORIG.txt,199,101,98,59,101,42,0.5841584158415841,0.49246231155778897,0.7629333333333327
W_PAK_PTJ0_025_B1_2_ORIG.txt,218,97,111,62,107,35,0.6391752577319587,0.5091743119266054,0.7226035502958587
W_IDN_SMK0_027_B1_2_ORIG.txt,207,83,77,40,130,43,0.4819277108433735,0.3719806763285024,0.6777215189873419
W_IDN_SMK0_054_A2_0_ORIG.txt,252,116,111,70,141,46,0.603448275862069,0.44047619047619047,0.7090640394088673
W_KOR_PTJ0_057_B2_0_ORIG.txt,210,77,103,39,107,38,0.5064935064935064,0.49047619047619045,0.7031055900621113
W_PHL_PTJ0_011_B1_1_ORIG.txt,212,92,98,56,114,36,0.6086956521739131,0.46226415094339623,0.6825766871165647
W_CHN_PTJ0_021_A2_0_ORIG.txt,218,104,108,62,110,42,0.5961538461538461,0.4954128440366973,0.7518343195266269
W_TWN_PTJ0_086_B2_0_ORIG.txt,253,127,126,81,127,46,0.6377952755905512,0.4980237154150198,0.7945098039215688
W_SIN_PTJ0_024_B2_0_ORIG.txt,280,146,140,96,140,50,0.6575342465753424,0.5,0.8180086580086582
W_CHN_PTJ0_277_B2_0_ORIG.txt,306,134,158,89,148,45,0.664179104477612,0.5163398692810458,0.754863813229571
W_KOR_SMK0_193_A2_0_ORIG.txt,204,109,105,64,99,45,0.5871559633027523,0.5147058823529411,0.8049032258064512
W_JPN_PTJ0_010_B1_2_ORIG.txt,231,108,111,65,120,43,0.6018518518518519,0.4805194805194805,0.7606593406593405
W_TWN_PTJ0_003_B1_1_ORIG.txt,197,92,97,54,100,38,0.5869565217391305,0.49238578680203043,0.6690540540540546
W_THA_SMK0_007_B1_2_ORIG.txt,219,106,96,65,123,41,0.6132075471698113,0.4383561643835616,0.7341176470588239
W_HKG_PTJ0_016_B1_1_ORIG.txt,218,129,106,80,112,49,0.6201550387596899,0.48623853211009177,0.8312426035502961
W_KOR_SMK0_210_B1_1_ORIG.txt,207,110,102,65,105,45,0.5909090909090909,0.4927536231884058,0.7062025316455692
W_PAK_SMK0_015_B1_2_ORIG.txt,222,101,106,60,116,41,0.594059405940594,0.4774774774774775,0.7830057803468209
W_HKG_SMK0_035_B1_1_ORIG.txt,269,120,128,73,141,47,0.6083333333333333,0.4758364312267658,0.7865454545454553
W_HKG_SMK0_023_B2_0_ORIG.txt,224,133,123,87,101,46,0.6541353383458647,0.5491071428571429,0.8075428571428563
W_IDN_SMK0_009_B1_2_ORIG.txt,201,90,104,45,97,45,0.5,0.5174129353233831,0.7742105263157892
W_KOR_PTJ0_079_B2_0_ORIG.txt,237,129,122,84,115,45,0.6511627906976745,0.5147679324894515,0.8192553191489366
W_TWN_PTJ0_015_A2_0_ORIG.txt,328,145,154,94,174,51,0.6482758620689655,0.4695121951219512,0.7552688172043007
W_PHL_SMK0_085_B1_1_ORIG.txt,203,94,81,55,122,39,0.5851063829787234,0.39901477832512317,0.7429870129870138
W_TWN_PTJ0_027_B1_1_ORIG.txt,269,119,133,72,136,47,0.6050420168067226,0.4944237918215613,0.7129999999999989
W_PAK_PTJ0_005_B1_2_ORIG.txt,207,113,96,68,111,45,0.6017699115044248,0.463768115942029,0.7698734177215191
W_HKG_SMK0_006_B1_1_ORIG.txt,194,100,82,54,112,46,0.54,0.422680412371134,0.7842758620689663
W_PAK_PTJ0_012_B1_2_ORIG.txt,199,103,92,71,107,32,0.6893203883495146,0.4623115577889447,0.7467999999999991
W_TWN_SMK0_004_B1_1_ORIG.txt,246,118,106,67,140,51,0.5677966101694916,0.43089430894308944,0.7554314720812189
W_HKG_PTJ0_025_B1_1_ORIG.txt,247,121,122,74,125,47,0.6115702479338843,0.4939271255060729,0.7970707070707066
W_TWN_SMK0_012_B2_0_ORIG.txt,229,125,103,69,126,56,0.552,0.4497816593886463,0.808555555555555
W_HKG_SMK0_007_B2_0_ORIG.txt,184,107,96,65,88,42,0.6074766355140186,0.5217391304347826,0.7718518518518525
W_SIN_SMK0_023_B2_0_ORIG.txt,263,143,144,101,119,42,0.7062937062937062,0.5475285171102662,0.8001869158878513
W_HKG_SMK0_029_B2_0_ORIG.txt,271,150,137,96,134,54,0.64,0.5055350553505535,0.7659459459459461
W_IDN_SMK0_070_A2_0_ORIG.txt,196,70,84,38,112,32,0.5428571428571428,0.42857142857142855,0.5706122448979589
W_CHN_PTJ0_020_B1_1_ORIG.txt,229,109,104,68,125,41,0.6238532110091743,0.45414847161572053,0.7610000000000001
W_KOR_PTJ0_024_B1_2_ORIG.txt,218,106,123,65,95,41,0.6132075471698113,0.5642201834862385,0.7514792899408282
W_CHN_SMK0_026_A2_0_ORIG.txt,223,85,103,46,120,39,0.5411764705882353,0.4618834080717489,0.6374712643678166
W_KOR_SMK0_010_B1_2_ORIG.txt,213,108,98,67,115,41,0.6203703703703703,0.460093896713615,0.7463414634146345
W_CHN_SMK0_003_B1_1_ORIG.txt,247,107,122,65,125,42,0.6074766355140186,0.4939271255060729,0.7546464646464641
W_HKG_SMK0_028_B1_1_ORIG.txt,201,106,100,61,101,45,0.5754716981132075,0.4975124378109453,0.7767105263157894
W_TWN_PTJ0_009_B1_1_ORIG.txt,225,103,112,61,113,42,0.5922330097087378,0.49777777777777776,0.6960227272727276
W_IDN_PTJ0_020_B1_2_ORIG.txt,236,110,105,61,131,49,0.5545454545454546,0.4449152542372881,0.7800000000000004
W_CHN_SMK0_028_B2_0_ORIG.txt,283,129,132,87,151,42,0.6744186046511628,0.4664310954063604,0.7215384615384616
W_HKG_PTJ0_021_B1_1_ORIG.txt,225,114,113,69,112,45,0.6052631578947368,0.5022222222222222,0.797159090909092
W_CHN_PTJ0_038_A2_0_ORIG.txt,207,95,109,57,98,38,0.6,0.5265700483091788,0.7362025316455698
W_TWN_PTJ0_006_A2_0_ORIG.txt,212,111,123,71,89,40,0.6396396396396397,0.5801886792452831,0.7971779141104293
W_THA_PTJ0_004_B1_2_ORIG.txt,211,93,117,55,94,38,0.5913978494623656,0.5545023696682464,0.7346913580246911
W_JPN_PTJ0_043_A2_0_ORIG.txt,190,79,95,44,95,35,0.5569620253164557,0.5,0.6790070921985817
W_TWN_SMK0_017_B1_1_ORIG.txt,195,108,88,64,107,44,0.5925925925925926,0.4512820512820513,0.7502739726027398
W_HKG_PTJ0_036_B1_1_ORIG.txt,241,114,133,75,108,39,0.6578947368421053,0.5518672199170125,0.7731249999999998
W_THA_SMK0_027_B1_2_ORIG.txt,219,96,104,55,115,41,0.5729166666666666,0.4748858447488584,0.7223529411764705
W_TWN_PTJ0_088_B2_0_ORIG.txt,201,95,94,49,107,46,0.5157894736842106,0.46766169154228854,0.7459210526315785
W_IDN_PTJ0_024_B1_2_ORIG.txt,203,100,94,56,109,44,0.56,0.4630541871921182,0.7436363636363631
W_PHL_SMK0_154_B2_0_ORIG.txt,253,135,122,93,131,42,0.6888888888888889,0.48221343873517786,0.8016666666666667
W_SIN_PTJ0_004_B2_0_ORIG.txt,260,124,133,79,127,45,0.6370967741935484,0.5115384615384615,0.7930805687203794
W_KOR_PTJ0_037_B1_2_ORIG.txt,209,103,113,64,96,39,0.6213592233009708,0.5406698564593302,0.7599999999999996
W_CHN_SMK0_007_B1_1_ORIG.txt,205,113,101,73,104,40,0.6460176991150443,0.4926829268292683,0.7591025641025633
W_CHN_SMK0_010_B1_1_ORIG.txt,238,139,107,88,131,51,0.6330935251798561,0.4495798319327731,0.814179894179895
W_CHN_SMK0_022_A2_0_ORIG.txt,211,101,96,56,115,45,0.5544554455445545,0.4549763033175355,0.7429629629629624
W_IDN_PTJ0_033_B1_2_ORIG.txt,229,106,110,64,119,42,0.6037735849056604,0.48034934497816595,0.7398888888888894
W_JPN_PTJ0_004_B2_0_ORIG.txt,204,104,97,60,107,44,0.5769230769230769,0.47549019607843135,0.7876129032258056
W_TWN_PTJ0_001_B1_2_ORIG.txt,238,135,129,80,109,55,0.5925925925925926,0.542016806722689,0.8282539682539685
W_THA_PTJ0_003_A2_0_ORIG.txt,198,109,90,66,108,43,0.6055045871559633,0.45454545454545453,0.7700671140939591
W_HKG_PTJ0_014_B1_2_ORIG.txt,189,110,78,63,111,47,0.5727272727272728,0.4126984126984127,0.7662857142857142
W_JPN_SMK0_026_B1_1_ORIG.txt,195,106,101,71,94,35,0.6698113207547169,0.517948717948718,0.7754794520547951
W_THA_PTJ0_014_A2_0_ORIG.txt,219,103,110,63,109,40,0.6116504854368932,0.502283105022831,0.7357647058823537
W_HKG_PTJ0_003_B1_2_ORIG.txt,205,95,103,55,102,40,0.5789473684210527,0.5024390243902439,0.7828205128205123
W_PHL_SMK0_009_B1_2_ORIG.txt,297,129,133,84,164,45,0.6511627906976745,0.4478114478114478,0.7070161290322584
W_JPN_SMK0_003_A2_0_ORIG.txt,215,97,108,65,107,32,0.6701030927835051,0.5023255813953489,0.717349397590362
W_SIN_PTJ0_009_B1_2_ORIG.txt,204,114,94,75,110,39,0.6578947368421053,0.46078431372549017,0.7394838709677419
W_HKG_PTJ0_054_B2_0_ORIG.txt,245,115,125,70,120,45,0.6086956521739131,0.5102040816326531,0.7468367346938773
W_IDN_SMK0_039_A2_0_ORIG.txt,203,110,108,73,95,37,0.6636363636363637,0.5320197044334976,0.7718181818181811
W_IDN_PTJ0_023_A2_0_ORIG.txt,198,91,89,55,109,36,0.6043956043956044,0.4494949494949495,0.7153020134228186
W_IDN_PTJ0_011_B1_1_ORIG.txt,226,91,111,55,115,36,0.6043956043956044,0.4911504424778761,0.7045197740113001
W_JPN_SMK0_009_B2_0_ORIG.txt,246,108,122,66,124,42,0.6111111111111112,0.4959349593495935,0.7073096446700502
W_IDN_SMK0_017_A2_0_ORIG.txt,239,97,86,49,153,48,0.5051546391752577,0.3598326359832636,0.7482105263157891
W_KOR_SMK0_020_B2_0_ORIG.txt,214,92,104,58,110,34,0.6304347826086957,0.48598130841121495,0.6846060606060616
W_SIN_SMK0_013_B1_2_ORIG.txt,229,114,111,73,118,41,0.6403508771929824,0.4847161572052402,0.8013333333333337
W_CHN_SMK0_041_A2_0_ORIG.txt,203,98,102,55,101,43,0.5612244897959183,0.5024630541871922,0.729740259740259
W_PHL_PTJ0_052_B1_1_ORIG.txt,262,130,125,72,137,58,0.5538461538461539,0.4770992366412214,0.7789671361502344
W_CHN_PTJ0_006_B1_2_ORIG.txt,211,99,108,64,103,35,0.6464646464646465,0.5118483412322274,0.7322222222222226
W_KOR_PTJ0_015_B1_1_ORIG.txt,268,116,136,69,132,47,0.5948275862068966,0.5074626865671642,0.7335159817351604
W_PHL_PTJ0_004_B1_2_ORIG.txt,205,102,92,60,113,42,0.5882352941176471,0.44878048780487806,0.7802564102564103
W_JPN_SMK0_008_B1_1_ORIG.txt,292,127,134,73,158,54,0.5748031496062992,0.4589041095890411,0.7638683127572021
W_PHL_SMK0_137_B2_0_ORIG.txt,285,146,132,92,153,54,0.6301369863013698,0.4631578947368421,0.7901694915254228
W_JPN_SMK0_023_B2_0_ORIG.txt,240,91,119,52,121,39,0.5714285714285714,0.49583333333333335,0.6772774869109953
W_JPN_PTJ0_017_B2_0_ORIG.txt,215,100,105,55,110,45,0.55,0.4883720930232558,0.7843373493975903
W_JPN_PTJ0_001_B1_1_ORIG.txt,209,96,100,57,109,39,0.59375,0.4784688995215311,0.7527499999999997
W_JPN_SMK0_007_A2_0_ORIG.txt,206,74,97,38,109,36,0.5135135135135135,0.470873786407767,0.7182165605095543
W_JPN_PTJ0_033_A2_0_ORIG.txt,231,100,120,67,111,33,0.67,0.5194805194805194,0.7114285714285722
W_CHN_SMK0_018_B1_2_ORIG.txt,185,89,94,58,91,31,0.651685393258427,0.5081081081081081,0.7105882352941174
W_JPN_PTJ0_040_B1_2_ORIG.txt,210,91,109,54,101,37,0.5934065934065934,0.5190476190476191,0.7195031055900619
W_THA_PTJ0_010_A2_0_ORIG.txt,226,113,116,75,110,38,0.6637168141592921,0.5132743362831859,0.7157062146892653
W_PAK_SMK0_004_B1_1_ORIG.txt,227,92,110,58,117,34,0.6304347826086957,0.4845814977973568,0.6907865168539329
W_HKG_PTJ0_010_B1_2_ORIG.txt,237,104,100,60,137,44,0.5769230769230769,0.4219409282700422,0.7048936170212766
W_JPN_SMK0_022_B1_1_ORIG.txt,205,69,74,29,131,40,0.42028985507246375,0.36097560975609755,0.6424358974358967
W_PAK_PTJ0_027_B1_1_ORIG.txt,222,102,112,65,110,37,0.6372549019607843,0.5045045045045045,0.7298265895953755
W_TWN_PTJ0_005_B1_2_ORIG.txt,208,109,94,63,114,46,0.5779816513761468,0.4519230769230769,0.7499371069182393
W_PHL_PTJ0_129_B2_0_ORIG.txt,297,140,153,89,144,51,0.6357142857142857,0.5151515151515151,0.7767741935483868
W_JPN_SMK0_034_B2_0_ORIG.txt,206,106,88,58,118,48,0.5471698113207547,0.42718446601941745,0.7555414012738851
W_TWN_SMK0_048_B2_0_ORIG.txt,207,108,98,67,109,41,0.6203703703703703,0.47342995169082125,0.7421518987341769
W_IDN_PTJ0_002_B1_1_ORIG.txt,212,80,95,47,117,33,0.5875,0.4481132075471698,0.6571779141104301
W_PAK_PTJ0_009_B1_1_ORIG.txt,218,83,111,47,107,36,0.5662650602409639,0.5091743119266054,0.6505325443786981
W_CHN_PTJ0_015_B1_2_ORIG.txt,227,122,112,74,115,48,0.6065573770491803,0.4933920704845815,0.7862921348314605
W_CHN_SMK0_045_A2_0_ORIG.txt,192,111,98,64,94,47,0.5765765765765766,0.5104166666666666,0.8320279720279715
W_THA_SMK0_023_A2_0_ORIG.txt,193,112,98,78,95,34,0.6964285714285714,0.5077720207253886,0.7712499999999994
W_JPN_PTJ0_006_B1_1_ORIG.txt,228,100,108,51,120,49,0.51,0.47368421052631576,0.7167597765363137
W_THA_PTJ0_025_B1_1_ORIG.txt,204,105,96,64,108,41,0.6095238095238096,0.47058823529411764,0.7716129032258059
W_TWN_SMK0_021_B1_2_ORIG.txt,222,112,119,72,103,40,0.6428571428571429,0.536036036036036,0.736184971098266
W_CHN_SMK0_008_B1_2_ORIG.txt,216,104,87,58,129,46,0.5576923076923077,0.4027777777777778,0.7676646706586826
W_PAK_SMK0_014_B1_1_ORIG.txt,315,158,154,110,161,48,0.6962025316455697,0.4888888888888889,0.777218045112782
W_PAK_PTJ0_020_B1_1_ORIG.txt,267,107,105,63,162,44,0.5887850467289719,0.39325842696629215,0.7608256880733936
W_IDN_PTJ0_005_B1_1_ORIG.txt,215,90,101,52,114,38,0.5777777777777777,0.4697674418604651,0.7063855421686741
W_PHL_SMK0_064_B2_0_ORIG.txt,244,117,114,70,130,47,0.5982905982905983,0.4672131147540984,0.7787692307692304
W_THA_SMK0_028_B1_1_ORIG.txt,281,130,135,80,146,50,0.6153846153846154,0.4804270462633452,0.7531034482758621
W_KOR_SMK0_022_B1_1_ORIG.txt,210,111,107,71,103,40,0.6396396396396397,0.5095238095238095,0.7930434782608691
W_SIN_SMK0_007_B1_2_ORIG.txt,215,95,96,59,119,36,0.6210526315789474,0.44651162790697674,0.7073493975903609
W_PHL_PTJ0_007_B1_2_ORIG.txt,255,112,117,68,138,44,0.6071428571428571,0.4588235294117647,0.7532038834951463
W_KOR_SMK0_295_B1_2_ORIG.txt,311,146,139,88,172,58,0.6027397260273972,0.44694533762057875,0.7726717557251913
W_CHN_PTJ0_005_B1_2_ORIG.txt,223,105,109,66,114,39,0.6285714285714286,0.48878923766816146,0.7455172413793099
W_PHL_PTJ0_051_B1_1_ORIG.txt,298,134,131,82,167,52,0.6119402985074627,0.4395973154362416,0.7302811244979923
W_SIN_SMK0_010_B1_2_ORIG.txt,259,133,112,77,147,56,0.5789473684210527,0.43243243243243246,0.77904761904762
W_PHL_PTJ0_010_B1_2_ORIG.txt,227,132,107,85,120,47,0.6439393939393939,0.4713656387665198,0.8093258426966292
W_IDN_PTJ0_012_B1_1_ORIG.txt,283,95,142,58,141,37,0.6105263157894737,0.5017667844522968,0.7094017094017093
W_CHN_PTJ0_182_B2_0_ORIG.txt,215,101,113,64,102,37,0.6336633663366337,0.5255813953488372,0.7732530120481929
W_JPN_SMK0_013_A2_0_ORIG.txt,202,111,96,66,106,45,0.5945945945945946,0.4752475247524752,0.7815686274509803
W_KOR_SMK0_008_B1_1_ORIG.txt,273,150,139,97,134,53,0.6466666666666666,0.5091575091575091,0.7841071428571429
W_JPN_PTJ0_027_A2_0_ORIG.txt,210,109,115,70,95,39,0.6422018348623854,0.5476190476190477,0.7898136645962722
W_TWN_SMK0_041_A2_0_ORIG.txt,205,110,90,66,115,44,0.6,0.43902439024390244,0.7453846153846151
W_HKG_PTJ0_013_B1_2_ORIG.txt,270,99,152,61,118,38,0.6161616161616161,0.562962962962963,0.6688687782805429
W_HKG_PTJ0_004_B1_2_ORIG.txt,229,100,121,63,108,37,0.63,0.5283842794759825,0.7058888888888895
W_THA_PTJ0_013_A2_0_ORIG.txt,219,92,106,56,113,36,0.6086956521739131,0.4840182648401826,0.7209411764705886
W_TWN_PTJ0_011_B1_2_ORIG.txt,207,101,95,59,112,42,0.5841584158415841,0.45893719806763283,0.7601265822784802
W_THA_PTJ0_021_B1_1_ORIG.txt,218,88,104,44,114,44,0.5,0.47706422018348627,0.7368047337278105
W_KOR_PTJ0_013_B2_0_ORIG.txt,227,99,103,52,124,47,0.5252525252525253,0.45374449339207046,0.7251685393258425
W_SIN_SMK0_043_B2_0_ORIG.txt,212,105,92,62,120,43,0.5904761904761905,0.4339622641509434,0.7744785276073612
W_TWN_PTJ0_068_B2_0_ORIG.txt,224,102,131,61,93,41,0.5980392156862745,0.5848214285714286,0.7639999999999996
W_CHN_SMK0_046_A2_0_ORIG.txt,279,124,121,68,158,56,0.5483870967741935,0.4336917562724014,0.762
W_JPN_SMK0_018_B1_1_ORIG.txt,200,83,99,45,101,38,0.5421686746987951,0.495,0.6920529801324501
W_HKG_SMK0_009_B1_2_ORIG.txt,216,91,101,62,115,29,0.6813186813186813,0.4675925925925926,0.6699401197604795
W_TWN_PTJ0_028_B1_2_ORIG.txt,204,103,99,69,105,34,0.6699029126213593,0.4852941176470588,0.7774193548387088
W_THA_PTJ0_018_B1_1_ORIG.txt,251,111,129,67,122,44,0.6036036036036037,0.5139442231075697,0.7384158415841584
W_CHN_PTJ0_016_B1_2_ORIG.txt,237,99,112,56,125,43,0.5656565656565656,0.47257383966244726,0.72468085106383
W_SIN_SMK0_003_B1_2_ORIG.txt,221,108,99,67,122,41,0.6203703703703703,0.4479638009049774,0.7732558139534884
W_PHL_PTJ0_003_B1_2_ORIG.txt,221,85,107,50,114,35,0.5882352941176471,0.4841628959276018,0.6676744186046517
W_IDN_PTJ0_001_B1_1_ORIG.txt,261,91,135,57,126,34,0.6263736263736264,0.5172413793103449,0.6638679245283026
W_KOR_PTJ0_004_B2_0_ORIG.txt,269,107,136,69,133,38,0.6448598130841121,0.5055762081784386,0.7556363636363629
W_PAK_SMK0_025_B1_2_ORIG.txt,241,97,96,57,145,40,0.5876288659793815,0.3983402489626556,0.7066666666666669
W_PHL_PTJ0_148_B1_1_ORIG.txt,219,97,96,54,123,43,0.5567010309278351,0.4383561643835616,0.6934117647058827
W_JPN_PTJ0_020_B1_2_ORIG.txt,228,96,115,64,113,32,0.6666666666666666,0.5043859649122807,0.7297206703910615
W_TWN_SMK0_022_A2_0_ORIG.txt,204,79,93,47,111,32,0.5949367088607594,0.45588235294117646,0.6504516129032258
W_HKG_SMK0_005_B1_1_ORIG.txt,197,90,90,49,107,41,0.5444444444444444,0.45685279187817257,0.7306756756756764
W_PAK_PTJ0_006_B1_2_ORIG.txt,206,82,126,46,80,36,0.5609756097560976,0.6116504854368932,0.6733757961783443
W_TWN_PTJ0_016_A2_0_ORIG.txt,209,107,101,65,108,42,0.6074766355140186,0.48325358851674644,0.7482500000000006
W_HKG_PTJ0_027_B2_0_ORIG.txt,294,131,143,83,151,48,0.6335877862595419,0.48639455782312924,0.7489795918367341
W_SIN_SMK0_037_B2_0_ORIG.txt,205,107,96,67,109,40,0.6261682242990654,0.4682926829268293,0.7798717948717944
W_IDN_PTJ0_050_A2_0_ORIG.txt,206,112,105,68,101,44,0.6071428571428571,0.5097087378640777,0.7977070063694273
W_CHN_PTJ0_172_B2_0_ORIG.txt,206,115,105,69,101,46,0.6,0.5097087378640777,0.8012738853503182
W_TWN_SMK0_095_B2_0_ORIG.txt,267,130,121,78,146,52,0.6,0.45318352059925093,0.8079816513761469
W_KOR_PTJ0_030_B1_2_ORIG.txt,209,102,107,61,102,41,0.5980392156862745,0.5119617224880383,0.7612499999999998
W_JPN_PTJ0_019_B1_2_ORIG.txt,262,113,138,76,124,37,0.672566371681416,0.5267175572519084,0.7458215962441318
W_KOR_SMK0_296_A2_0_ORIG.txt,189,92,98,58,91,34,0.6304347826086957,0.5185185185185185,0.7251428571428576
W_THA_SMK0_019_B1_2_ORIG.txt,208,103,92,58,116,45,0.5631067961165048,0.4423076923076923,0.7767295597484277
W_CHN_SMK0_017_B1_1_ORIG.txt,210,112,98,69,112,43,0.6160714285714286,0.4666666666666667,0.7812422360248454
W_CHN_PTJ0_023_B1_1_ORIG.txt,236,124,111,76,125,48,0.6129032258064516,0.4703389830508475,0.7916577540106945
W_KOR_SMK0_114_B2_0_ORIG.txt,197,83,94,54,103,29,0.6506024096385542,0.47715736040609136,0.6471621621621622
W_SIN_PTJ0_014_B2_0_ORIG.txt,301,149,157,103,144,46,0.6912751677852349,0.521594684385382,0.7884920634920636
W_IDN_PTJ0_034_B1_2_ORIG.txt,221,96,105,54,116,42,0.5625,0.4751131221719457,0.7088372093023252
W_KOR_SMK0_079_B2_0_ORIG.txt,199,104,104,65,95,39,0.625,0.5226130653266332,0.761333333333333
W_HKG_PTJ0_023_B2_0_ORIG.txt,225,111,125,70,100,41,0.6306306306306306,0.5555555555555556,0.7773863636363635
W_IDN_PTJ0_009_B1_2_ORIG.txt,214,87,115,49,99,38,0.5632183908045977,0.5373831775700935,0.6827878787878787
W_HKG_PTJ0_035_B1_1_ORIG.txt,282,135,155,91,127,44,0.674074074074074,0.549645390070922,0.7916738197424891
W_THA_PTJ0_007_B1_2_ORIG.txt,229,113,101,73,128,40,0.6460176991150443,0.4410480349344978,0.745888888888889
W_HKG_SMK0_016_B1_1_ORIG.txt,214,135,111,90,103,45,0.6666666666666666,0.5186915887850467,0.8179393939393931
W_PAK_PTJ0_015_B1_2_ORIG.txt,247,118,103,66,144,52,0.559322033898305,0.41700404858299595,0.7584848484848484
W_KOR_PTJ0_210_B1_1_ORIG.txt,207,99,119,60,88,39,0.6060606060606061,0.5748792270531401,0.737215189873418
W_JPN_SMK0_010_B1_2_ORIG.txt,228,92,108,50,120,42,0.5434782608695652,0.47368421052631576,0.728268156424582
W_KOR_PTJ0_193_A2_0_ORIG.txt,209,98,89,56,120,42,0.5714285714285714,0.4258373205741627,0.7033750000000003
W_TWN_SMK0_003_B1_1_ORIG.txt,208,99,101,60,107,39,0.6060606060606061,0.4855769230769231,0.7374842767295609
W_CHN_SMK0_277_B2_0_ORIG.txt,215,96,91,58,124,38,0.6041666666666666,0.4232558139534884,0.7167469879518076
W_SIN_SMK0_024_B2_0_ORIG.txt,269,145,121,89,148,56,0.6137931034482759,0.44981412639405205,0.7943636363636363
W_TWN_SMK0_086_B2_0_ORIG.txt,252,128,119,73,133,55,0.5703125,0.4722222222222222,0.8021674876847289
W_CHN_SMK0_021_A2_0_ORIG.txt,205,105,93,60,112,45,0.5714285714285714,0.45365853658536587,0.7243589743589748
W_PHL_SMK0_011_B1_1_ORIG.txt,223,106,92,61,131,45,0.5754716981132075,0.4125560538116592,0.7599999999999992
W_KOR_SMK0_057_B2_0_ORIG.txt,228,94,117,63,111,31,0.6702127659574468,0.5131578947368421,0.6969832402234644
W_IDN_PTJ0_054_A2_0_ORIG.txt,241,121,123,78,118,43,0.6446280991735537,0.5103734439834025,0.7398958333333328
W_IDN_PTJ0_027_B1_2_ORIG.txt,208,95,98,57,110,38,0.6,0.47115384615384615,0.7386163522012571
